

OFF
000
000
000
000
000

ON
010
101
010
101
011

BORDER
010
101
000
101
011

DOT
000
000
000
000
001





0
010
101
000
101
010

0.
010
101
000
101
011


1
000
001
000
001
000


2
010
001
010
100
010


3
010
001
010
001
010


4
000
101
010
001
000


5
010
100
010
001
010


6
010
100
010
101
010


7
010
001
000
001
000


8
010
101
010
101
010


9
010
101
010
001
010


a
010
001
010
101
010


b
000
100
010
101
010

c
000
000
010
100
010

d
000
001
010
101
010

e
010
100
010
100
010

f
010
100
010
100
000

g
010
100
000
101
010

h
000
100
010
101
000

i
000
100
000
100
000

j
000
001
000
101
010

k
010
100
010
101
000

l
000
100
000
100
010

m
010
000
010
101
000


n
000
000
010
101
000

o
000
000
010
101
010

p
010
101
010
100
000

q
010
101
010
001
000


r
000
000
010
100
000


s
010
100
000
001
010


t
000
100
010
100
010


u
000
000
000
101
010


v
000
101
000
000
010


w
000
101
010
000
010


x
000
000
000
101
000


y
000
101
010
001
010



z
010
001
000
100
010



@
010
001
000
101
000


%
000
100
000
001
000


.
000
000
000
100
000

,
000
000
000
001
010

;
000
001
000
000
010

:
010
000
000
000
010

+
000
001
010
001
000



-
000
000
010
000
000

=
000
000
010
000
010

*
010
000
010
000
010

#
000
101
000
101
000

!
010
101
010
000
010

?
010
001
010
000
010

_
000
000
000
000
010

-
000
000
010
000
000

'
000
100
000
000
000
`
000
100
000
000
000

"
000
101
000
000
000

<
010
100
000
000
000

>
010
001
000
000
000

/
000
001
010
100
000

\
000
100
010
001
000


[
010
100
000
100
010

]
010
001
000
001
010

‾
010
000
000
000
000
